image_width: 640
image_height: 480
camera_name: test_camera
camera_matrix:
  rows: 3
  cols: 3
  data: [614.71044106, 0.000000, 392.60373616, 0.000000, 615.98652728, 316.93170513, 0.000000, 0.000000, 1.000000]
distortion_model: plumb_bob
distortion_coefficients:
  rows: 1
  cols: 5
  data: [0.202131416, -0.426635471, 0.000377946252, 0.00135685134, 0.189753435]
rectification_matrix:
  rows: 3
  cols: 3
  data: [0.999978, 0.002789, -0.006046, -0.002816, 0.999986, -0.004401, 0.006034, 0.004417, 0.999972]
projection_matrix:
  rows: 3
  cols: 4
  data: [393.653800, 0.000000, 322.797939, 0.000000, 0.000000, 393.653800, 241.090902, 0.000000, 0.000000, 0.000000, 1.000000, 0.000000]
